-16.4422        0.991071        0.547438
-100    0       0
-100    0       0
-100    0       0
-100    0       0
-100    0       0
-100    0       0
-100    0       0
-100    0       0
-100    0       0
-100    0       0
-100    0       0
-100    0       0
-100    0       0
-100    0       0
-100    0       0
-100    0       0
-100    0       0
-100    0       0
-100    0       0
-100    0       0
-100    0       0
-40.0866        0.519882        0
-40.0866        0.519882        0
-100    0       0
-100    0       0
-50.5936        0       0
-45.4014        0.24745 0
-45.1479        0.321445        0.258379
-49.8038        0.257145        0.0792416
-81.1138        0       0
-92.5117        0       0
-100    0       0
-100    0       0
-100    0       0
-100    0       0
-100    0       0
-100    0       0
-100    0       0
-100    0       0
-100    0       0
-14.3809        0.9747  0.515029
-10.174 0.976852        0.594919
-10.4808        0.974433        0.666014
-14.6658        0.816926        0.598282
-17.6567        -0.370509       0.153972
-14.837 -0.514721       0.106685
-14.4973        -0.571981       0.10846
-14.1427        -0.606784       0.13289
-14.3181        -0.616192       0.220865
-16.0188        -0.571857       0.205628
-15.4383        -0.631261       0.14522
-14.6702        -0.521713       0.144281
-15.6096        -0.185156       0.115267
-5.72287        0.931852        0.506791
3.07673 0.967938        0.762809
8.06713 0.964487        0.872555
9.40011 0.953902        0.859224
9.8168  0.961057        0.877702
9.3875  0.959324        0.851565
7.19633 0.944573        0.860058
5.52098 0.946918        0.88032
4.41586 0.961717        0.881335
3.77795 0.974138        0.878936
2.98241 0.977594        0.861079
1.72965 0.978437        0.877567
-1.17789        0.978645        0.825825
-5.29179        0.980192        0.74657
-4.52389        0.991697        0.870222
-3.51547        0.992775        0.850174
-2.73531        0.991377        0.85474
-1.01076        0.991431        0.819178
1.15724 0.978821        0.825784
1.81325 0.976713        0.851624
0.753784        0.972911        0.837038
-2.25567        0.976541        0.763953
-5.27053        0.991406        0.810394
-4.03286        0.98947 0.835545
-3.20682        0.984631        0.850968
-2.88182        0.978082        0.843515
-3.50135        0.974158        0.833176
-4.91502        0.965006        0.815877
-6.35427        0.898894        0.695897
-9.54419        0.794901        0.439868
-18.5805        0.679228        0.350048
-40.6284        0.873743        0.267201
-100    0       0
-12.9507        0.909693        0.402463
-8.09905        0.892739        0.529308
-3.47721        0.849573        0.329258
-1.14332        0.893167        0.385665
0.996385        0.958893        0.775616
2.43781 0.97416 0.862949
1.46547 0.980854        0.86318
-2.11954        0.976631        0.824415
-8.44572        0.970013        0.706725
-18.3438        0.835094        0.495267
-21.3908        0.473275        0.338935
-16.3993        0.794222        0.543027
-9.36645        0.96391 0.747292
-5.21572        0.982627        0.865588
-3.98616        0.981665        0.868718
-5.19512        0.979321        0.852655
-8.08424        0.979991        0.831858
-11.8461        0.971473        0.788779
-15.2924        0.975676        0.805851
-11.4757        0.980671        0.689111
-1.36615        0.974775        0.723479
5.48581 0.981438        0.831366
6.39231 0.974563        0.869193
4.19923 0.96224 0.822478
3.56509 0.962743        0.862645
3.33547 0.963215        0.849643
2.79377 0.965382        0.855021
1.76293 0.966945        0.861633
0.181094        0.970269        0.850099
-2.28046        0.974633        0.841519
-5.05135        0.986268        0.797503
-5.42254        0.993076        0.875002
-5.48913        0.99161 0.868075
-5.30577        0.990494        0.869809
-5.02484        0.991571        0.871924
-5.11753        0.992894        0.873305
-5.91966        0.993998        0.87205
-8.66729        0.99203 0.840451
-14.3853        0.926937        0.438465
-13.8377        0.440684        0.24639
-13.4095        0.313472        0.239053
-14.4388        0.234571        0.296951
-16.4909        0.240769        0.446563
-36.9002        0.257024        0.0885462
-63.3454        0.209258        0
-14.024 0.987643        0.506298
-7.63095        0.996459        0.82181
-4.59705        0.990096        0.825992
-3.96639        0.981014        0.843021
-4.96036        0.968373        0.80988
-6.36607        0.971577        0.816969
-7.45595        0.972683        0.810489
-8.50701        0.971218        0.821012
-10.0868        0.959557        0.806553
-12.0247        0.966399        0.811237
-14.3377        0.96986 0.797132
-17.6616        0.96675 0.786452
-21.6898        0.970357        0.748533
-28.4121        0.951467        0.436445
-54.9683        0.54175 0.322499
-100    0       0
-100    0       0
-100    0       0
-100    0       0
-28.2883        0.721075        0.202067
-19.6675        0.775394        0.0981338
-17.1811        0.880607        0.336808
-12.6509        0.9905  0.595865
-8.91937        0.99562 0.868183
-9.22198        0.995612        0.871167
-12.178 0.798787        0.420087
-10.317 0.697981        0.227684
-1.04313        0.939687        0.699967
2.66727 0.955768        0.789292
3.7496  0.950467        0.821764
3.65056 0.947621        0.825548
3.23324 0.949533        0.833471
3.65333 0.956895        0.845293
3.20781 0.963438        0.853644
0.299728        0.9743  0.811102
-5.07802        0.983225        0.719096
-12.8508        0.976456        0.697696
-13.2215        0.969723        0.694083
-6.19867        0.969524        0.750927
-3.69223        0.973828        0.879713
-6.08361        0.91679 0.734625
-12.8363        -0.149097       0.268174
-10.7717        -0.620597       0.168534
-11.3311        -0.648828       0.171676
-16.3621        -0.583878       0.152814
-25.8094        -0.252981       0.200617
-13.1174        0.988561        0.57776
-6.43504        0.994915        0.859726
-4.50613        0.993681        0.869681
-4.93983        0.993109        0.86349
-5.42749        0.993196        0.863826
-5.41455        0.993031        0.871658
-6.14472        0.990538        0.854666
-7.17279        0.982268        0.807198
-6.67689        0.976235        0.854851
-4.70284        0.97793 0.848026
-2.99778        0.982102        0.870353
-2.51913        0.982609        0.859738
-2.98533        0.983172        0.857263
-3.75438        0.982545        0.849067
-4.71325        0.981129        0.844593
-5.62893        0.981379        0.8414
-7.1375 0.981092        0.826536
-11.2991        0.970067        0.744179
-18.5063        0.83136 0.422033
-23.0222        0.161749        0.104691
-22.7651        0.00364917      0.101656
-21.7096        -0.024315       0.0740848
-23.8542        -0.0221529      0.11613
-41.0011        0.231228        0
-100    0       0
-100    0       0
-100    0       0
-6.66331        0.00745974      0.154151
-0.328499       -0.170967       0.122888
0.324828        -0.233256       0.155309
-3.02023        -0.224933       0.163713
-7.62415        -0.164053       0.135928
-12.4001        -0.0933194      0.146666
-17.5793        -0.1182 0.186027
-100    0       0
-100    0       0
-100    0       0
-13.5143        0.250973        0.136992
-7.44033        -0.0800148      0.188305
-7.24126        -0.0543213      0.175693
-11.9841        0.299346        0.259763
-19.2183        0.492853        0.262141
-13.9499        0.882592        0.624695
-9.29167        0.90671 0.704758
-6.91776        0.921734        0.744201
-4.41467        0.938884        0.765084
-2.29463        0.945803        0.804611
-0.854338       0.965266        0.821322
-0.820808       0.962572        0.810476
-2.7611 0.954583        0.745555
-5.28805        0.952616        0.775252
-5.82131        0.957097        0.778778
-5.08795        0.958997        0.797492
-4.69678        0.960947        0.811652
-4.72611        0.964797        0.823376
-5.15084        0.965869        0.821643
-6.53643        0.959508        0.81693
-8.62858        0.950661        0.8069
-10.7231        0.96476 0.812863
-13.5124        0.972338        0.784806
-19.9307        0.969238        0.627632
-28.923 -0.0823433      0.169882
-26.8425        -0.462354       0.146079
-26.8597        -0.49066        0.10703
-28.1925        -0.476424       0.117737
-30.4586        -0.411974       0.135027
-31.8441        -0.367  0.100202
-31.1363        -0.456258       0.100262
-30.5827        -0.525487       0.140121
-33.1485        -0.530779       0.137206
-44.8335        -0.265407       0.1231
-67.5265        0       0
-100    0       0
-100    0       0
-100    0       0
-100    0       0
-100    0       0
-100    0       0
-100    0       0
-100    0       0
-100    0       0
-100    0       0
-100    0       0
-100    0       0
-100    0       0
-100    0       0
-100    0       0